/**
 * Numeric model data from Kim, Lee, and Suk, "Color adjustment of brand logos for dark mode
 * display" (2026), supporting information S1 File.
 *
 * Article: https://doi.org/10.1371/journal.pone.0339392
 * Supporting model code: https://doi.org/10.1371/journal.pone.0339392.s001
 * The article and supporting information are published under CC BY 4.0.
 */

export const PAPER_POINTS = [
  [48.96926776, 34.91589623, 36.74629631],
  [25.76791481, 50.31932346, 51.11368487],
  [-13.01487715, 60.60503901, 68.8324179],
  [-55.58607825, 50.60491697, 60.83615835],
  [-30.72050845, -12.75208948, 65.61631899],
  [31.90935858, -63.61139831, 35.47167911],
  [54.30398543, -61.74676744, 35.16210304],
  [56.09698712, -27.02933057, 40.96231352],
  [0.3618605132, 0.4234000708, 63.22205486],
] as const

export const PAPER_VARIOGRAM = {
  partialSill: 334.5644075351106,
  range: 144.17506958443738,
  nugget: 1.9066250177821148e-13,
} as const

export const PAPER_KRIGING_INVERSE = [
  [
    0.072584172755055631, -0.091111863124471226, 0.045559263452688535, -0.016900147767370106,
    -0.002001955300529345, -0.0056029840920059186, 0.022198042114918, -0.035123494801976976,
    0.010398966763691389, 0.46034724065912158,
  ],
  [
    -0.091111863124471226, 0.1288461889406087, -0.072209280941353801, 0.026786516009613619,
    0.0032846342847384705, 0.0070843172206060245, -0.02516299137643762, 0.038531059896592265,
    -0.016048580909896429, -0.074685500571932906,
  ],
  [
    0.045559263452688535, -0.072209280941353801, 0.054900833312474764, -0.024400622780592473,
    0.0040842596917509671, -0.0014568214137216026, 0.0073032483834726981, -0.013070476172771423,
    -0.00071040353194766329, 0.13865538883553352,
  ],
  [
    -0.016900147767370106, 0.026786516009613619, -0.024400622780592473, 0.015537085250076178,
    -0.0063178913278781734, 0.0026550125359348668, -0.0050691477555677043, 0.0046733532258626323,
    0.0030358426099211613, 0.19671759302397884,
  ],
  [
    -0.002001955300529345, 0.0032846342847384705, 0.0040842596917509671, -0.0063178913278781734,
    0.017304006929779316, -0.0019552734591266482, -0.0031576213772409219, 0.0074028631340033032,
    -0.018643022575496968, 0.48210058578494619,
  ],
  [
    -0.0056029840920059186, 0.0070843172206060245, -0.0014568214137216026, 0.0026550125359348668,
    -0.0019552734591266482, 0.032752631410751694, -0.036399300254827391, 0.011756210765657107,
    -0.0088337927132681321, 0.10660391417456028,
  ],
  [
    0.022198042114918, -0.02516299137643762, 0.0073032483834726981, -0.0050691477555677043,
    -0.0031576213772409219, -0.036399300254827391, 0.055843623022450946, -0.033788206288139222,
    0.018232353531371218, 0.3028338053460029,
  ],
  [
    -0.035123494801976976, 0.038531059896592265, -0.013070476172771423, 0.0046733532258626323,
    0.0074028631340033032, 0.011756210765657107, -0.033788206288139222, 0.038725033219707564,
    -0.019106342978935244, -0.070479711407513967,
  ],
  [
    0.010398966763691389, -0.016048580909896429, -0.00071040353194766329, 0.0030358426099211613,
    -0.018643022575496968, -0.0088337927132681321, 0.018232353531371218, -0.019106342978935244,
    0.031674979804560667, -0.54209331584469389,
  ],
  [
    0.46034724065912158, -0.074685500571932906, 0.13865538883553352, 0.19671759302397884,
    0.48210058578494619, 0.10660391417456028, 0.3028338053460029, -0.070479711407513967,
    -0.54209331584469389, 208.09710041923049,
  ],
] as const

export interface PaperHueReference {
  readonly refH: number
  readonly chroma: readonly [number, number, number, number]
  readonly hue: readonly [number, number, number, number]
}

export const PAPER_HUE_REFERENCES: readonly PaperHueReference[] = [
  {
    refH: 45.30762154,
    chroma: [27.44009914, 52.89587522, 77.82086672, 109.8140144],
    hue: [29.70896228, 36.25270405, 37.60017755, 45.30762154],
  },
  {
    refH: 75.26868111,
    chroma: [14.31699017, 33.88793162, 57.25700257, 89.45886453],
    hue: [65.91060762, 70.88901768, 74.15197421, 75.26868111],
  },
  {
    refH: 99.80815652,
    chroma: [13.41695674, 34.93364088, 60.81110502, 98.60448469],
    hue: [102.7764957, 102.5241227, 102.689362, 99.80815652],
  },
  {
    refH: 117.977676,
    chroma: [16.26130902, 40.56668308, 68.16494034, 104.7226186],
    hue: [132.957333, 125.3716632, 121.9500064, 117.977676],
  },
  {
    refH: 139.7316779,
    chroma: [23.74372916, 55.13897277, 89.52347475, 128.4883384],
    hue: [151.276018, 143.0712193, 140.3701952, 139.7316779],
  },
  {
    refH: 176.3379677,
    chroma: [12.11236395, 29.95609159, 48.39133242, 68.68091573],
    hue: [187.3035927, 180.418941, 179.0005292, 176.3379677],
  },
  {
    refH: 207.5472811,
    chroma: [11.690208, 23.92660018, 37.24676505, 52.20577831],
    hue: [233.0029105, 217.628436, 212.9310055, 207.5472811],
  },
  {
    refH: 249.3790708,
    chroma: [15.46813238, 26.85673761, 38.87830377, 51.07631142],
    hue: [263.0262597, 249.6193195, 245.6431805, 249.3790708],
  },
  {
    refH: 303.4106383,
    chroma: [25.4609821, 47.91738187, 74.20340023, 122.7851108],
    hue: [279.1811309, 281.5874221, 292.5139331, 303.4106383],
  },
  {
    refH: 317.3804939,
    chroma: [29.83686776, 56.00239882, 81.47721999, 110.6426867],
    hue: [316.4333497, 317.9822879, 317.2472878, 317.3804939],
  },
  {
    refH: 328.5003494,
    chroma: [29.91477538, 54.21682322, 78.943349, 106.0043314],
    hue: [326.751424, 329.9722741, 330.8744635, 328.5003494],
  },
  {
    refH: 349.1208589,
    chroma: [27.00329117, 49.40033982, 68.78382192, 86.48511419],
    hue: [343.6848526, 343.6804858, 346.7192683, 349.1208589],
  },
]